"TargetModule","Coverage"
"factorial","1.0"
"factorial","1.0"
"factorial","1.0"
"factorial","1.0"
"factorial","1.0"
"factorial","1.0"
"factorial","1.0"
